100001295362049
100002145446919
100002979622669
100007492089861
100007886732777
100010099988562
100012749581228
100014675617937
100017204171331
100018117725536
100021447784501
100022665262929
100022895544225
100023872222800
100024123698043
100025376736936
100026185853537
100026450193109
100026551427211
100027120631309
100028033473719
100028511394246
100028652342697
100028678420041
100028709646779
100029316284974
100029322661085
100029875051544
100029875280502
100030238090498
100030563678492
100031194369409
100031594818114
100031687296820
100032560790782
100034528299080
100034688492347
100034689441921
100034706918637
100035073907411
100035130079216
100035206264543
100035281130489
100035521800594
100035634442774
100035711267472
100035781872255
100035927645147
100036289869910
100036336129790
100036399044921
100036513668907
100036935088748
100037081802320
100037195995535
100037213611898
100037406592423
100037410800080
100037882509413
100038010709285
100038103191588
100038667764290
100038817666205
100038938117929
100039050752484
100039081012279
100039431658278
100039466359680
100039491382940
100039591157073
100039775624888
100039819663499
100039921075070
100040306453061
100040319899801
100040357403709
100040605312234
100040701571285
100040781314336
100041038785297
100041082548804
100041418186328
100041513781118
100041515322883
100041573870443
100041659850429
100041722640515
100041764571886
100041768570452
100041796094430
100041924296770
100041958383452
100042182767757
100042230760569
100042336186550
100042462302359
100042492885053
100042910989342
100042989586858
100043153926081
100043200492667
100043425914771
100043461832397
100043548758371
100043578904922
100043597518520
100043703062018
100043707517788
100043735340660
100043885772463
100043987758297
100044197850922
100044270552672
100044313540954
100044387765558
100044485518449
100044537941513
100044608429319
100044812034363
100044824744272
100044867918138
100044889160737
100044920293538
100044922608280
100045012591503
100045079936304
100045105557471
100045171515171
100045224386199
100045474042683
100045477483443
100045714232590
100045744709843
100045814083121
100045872503074
100045884433625
100045939227929
100045942288543
100046032153717
100046033693251
100046087097611
100046129775899
100046161366034
100046188004080
100046225307675
100046375835181
100046408851228
100046559903953
100046640000690
100046645266460
100046663534866
100046698889284
100046701095839
100046828577992
100046961013808
100047014294287
100047035987684
100047085217537
100047113098917
100047129632838
100047169201257
100047187374649
100047420295610
100047478100857
100047492824911
100047509219820
100047514546554
100047518098770
100047560324640
100047597085474
100047619424214
100047623965594
100047656356668
100047704132153
100047752328287
100047787510315
100047884787793
100047944271305
100047963288034
100047993916585
100048021280681
100048042640273
100048074795990
100048087790194
100048127964077
100048172613734
100048251661159
100048278572534
100048279833512
100048304171282
100048355178073
100048372454464
100048376034326
100048398923291
100048421822635
100048422373856
100048457192806
100048503223718
100048506377637
100048508220647
100048517718100
100048522493781
100048560599476
100048572685856
100048584651431
100048597185730
100048599643106
100048601993061
100048604104040
100048604912013
100048626828823
100048628963977
100048629107817
100048656751830
100048684373094
100048687944704
100048691380484
100048717314493
100048745905227
100048746087665
100048746930625
100048767375635
100048768351764
100048776052281
100048777319093
100048799723764
100048826864129
100048829744836
100048832423896
100048837054210
100048837078331
100048844372061
100048845271782
100048850142908
100048880813155
100048908385363
100048911743733
100048931690806
100048932013677
100048946666536
100048961594805
100048966020943
100048970580678
100048984106216
100049001496845
100049003299073
100049013271864
100049018494286
100049031621730
100049031658110
100049036711562
100049043391402
100049062883373
100049075040137
100049076198870
100049081393500
100049085718796
100049098560698
100049099574708
100049113844284
100049113939155
100049114876149
100049120394643
100049137574662
100049141571831
100049141971281
100049142019307
100049152707314
100049154694138
100049157081328
100049164302835
100049172883255
100049178437817
100049185159432
100049190686818
100049193297461
100049196169279
100049200003482
100049206669270
100049214881725
100049215009447
100049223450782
100049224533465
100049226942813
100049243094154
100049259550323
100049277806977
100049279251675
100049296314826
100049301632576
100049302879712
100049306943667
100049307076601
100049322092636
100049323701618
100049326285565
100049336147917
100049340512861
100049341008850
100049345221637
100049355982623
100049357684474
100049370050087
100049387246537
100049389351620
100049411403576
100049411517631
100049418803599
100049422932304
100049426806098
100049429613031
100049436539447
100049437108003
100049437294117
100049438879737
100049441219888
100049453302718
100049455322858
100049458041299
100049458350926
100049458801736
100049465130616
100049472303593
100049482784847
100049487020610
100049487211263
100049492643890
100049495520215
100049502032451
100049503773637
100049503983388
100049505754134
100049506863812
100049508806096
100049509112995
100049514633078
100049518495808
100049519073372
100049523393556
100049529841927
100049536039185
100049538440684
100049542094313
100049543270375
100049548171965
100049549043848
100049549578899
100049552594315
100049556174270
100049556686887
100049557438831
100049557590587
100049558849737
100049564072348
100049567903926
100049567906327
100049568570013
100049570607331
100049570923962
100049572675836
100049573189475
100049574510030
100049575439512
100049575603772
100049576639161
100049578254435
100049579544801
100049579650998
100049581017987
100049583928968
100049589530684
100049591119832
100049591664439
100049594211137
100049595166346
100049595658526
100049595885892
100049602407121
100049603893362
100049604177131
100049606600288
100049607116736
100049619372255
100049620788348
100049621516955
100049621694850
100049622567814
100049624215180
100049625970271
100049626585865
100049626607238
100049627459675
100049630208707
100049637265225
100049637525167
100049637866535
100049644730038
100049648771580
100049650393605
100049658632789
100049658737464
100049659646029
100049666876955
100049667328893
100049667833978
100049669997766
100049671063097
100049676880422
100049677075134
100049679137967
100049688651352
100049690221452
100049690933388
100049691023852
100049692343568
100049696456992
100049704432994
100049704616273
100049704791778
100049705365567
100049707881595
100049708148019
100049709350149
100049709355389
100049709679509
100049710523503
100049710640223
100049714664775
100049720487864
100049720963022
100049726150654
100049729575905
100049729875106
100049731342956
100049735390226
100049738510915
100049741261741
100049743821830
100049743880233
100049744236071
100049747654156
100049749300147
100049750091341
100049761223627
100049765657682
100049770520231
100049770553411
100049772802022
100049774808203
100049775259468
100049776671246
100049779878765
100049787797374
100049788422266
100049788998910
100049793402098
100049794422722
100049794621442
100049795420625
100049796014088
100049799402538
100049799827994
100049804782401
100049805407588
100049805767962
100049807600043
100049811589683
100049812547253
100049813546114
100049814467152
100049821666693
100049826530145
100049829017273
100049832018484
100049833305506
100049833612959
100049844018191
100049849657631
100049849895708
100049851965798
100049851996059
100049853108988
100049856499092
100049858206302
100049859045916
100049859708676
100049860909221
100049864325395
100049864750080
100049865407167
100049865734728
100049870355127
100049871164634
100049871299735
100049871555623
100049874194566
100049875757404
100049879112237
100049884126392
100049886342404
100049886677064
100049888054555
100049896278339
100049896648669
100049909028228
100049921415705
100049921952397
100049924865313
100049927291942
100049932152602
100049932515044
100049935724967
100049936414879
100049939681667
100049940310821
100049942602015
100049943251979
100049944631445
100049947361721
100049947844527
100049948355696
100049959961741
100049966563359
100049973102813
100050005442966
100050006059119
100050017280148
100050018855305
100050028020371
100050035890250
100050047051244
100050047668172
100050053683169
100050053952180
100050064364726
100050065151467
100050074561078
100050081854143
100050083037856
100050087537098
100050091451783
100050097221886
100050102479325
100050114028166
100050118002662
100050137036648
100050138930944
100050140500028
100050144839996
100050151271159
100050152005399
100050152819296
100050156446537
100050172734465
100050176541543
100050204148203
100050207411589
100050229281705
100050253014713
100050255144805
100050274881338
100050295644398
100050303527107
100050306382145
100050340516143
100050340638040
100050341511139
100050355520753
100050370428188
100050375975963
100050378557550
100050407328492
100050412810556
100050413444775
100050429137689
100050456524196
100050464745898
100050476891668
100050478034902
100050480793264
100050509171670
100050512924602
100050522493162
100050529753667
100050533200138
100050544991206
100050550691824
